96254.2793316794
-73552.9257902464
77632.3610626722
39140.0918938224
-34552.6931334233
-84518.3385485626
59156.6931152883
92915.7777251826
-62625.1203467092
80952.1495043307
23175.7720827757
-99059.1649896756
13904.2628296437
44848.6128472195
81162.2097422396
73151.5529706139
53095.4593527816
83114.6229258309
81124.9925069936
21158.3516214371
-85647.0481852055
-77340.3983289051
-71348.8061030631
-93186.8507447209
77812.4287307515
-21645.2465006465
81592.3079508872
-22234.1791081245
-33030.5846165468
-32135.5014169830
-61309.2375091828
69850.7962935316
-24993.1446346433
-66515.1696919198
27685.1633278206
-23358.9429719674
-86849.9799038588
46708.5548691308
63016.9745260807
36639.4703764448
-82318.5584571453
70249.9719031063
-3878.5456929425
54244.4330008890
-98072.5828499876
64095.8090384771
10591.4203404749
12053.8906112597
35091.0825690975
43350.4720198246
-18459.6192293221
21945.2205308226
-15009.6512858037
10055.5296987852
99547.0076321877
77053.7273105674
-29937.4278265712
62888.1316114060
29812.1497011960
-48720.5214840062
-75342.9420276148
64032.3057635805
31308.8274017519
43208.4037616371
5987.2769707566
46633.7810588867
61840.7475991203
46248.0976848910
40039.9632130243
-28698.9849813059
21269.3560149544
4099.4470259858
-88168.7148349849
-28211.2641287995
-50906.3621923117
-37783.2373052205
-56386.0350610801
96500.1467576427
99047.9993278057
-43601.2672734799
60875.4749479990
-36555.9856472727
93434.3914756538
-79055.3871183144
-31768.1377746504
-15134.3791534763
26065.1017233355
25236.3307113476
-71175.5478793734
-38217.8593671521
87620.0105844205
3524.6666234335
68299.5233488277
65054.5001654620
63258.6677391256
-20240.5834883286
-96491.0102475167
-72165.9599065417
-92090.9123717843
59789.2259453627
