423.5282928260
605.6249220512
733.8688845954
9.4932456909
234.9983611850
929.3332572053
780.1705600437
434.8845145223
255.5111169166
793.4866119197
-4.1071803998
104.1512933632
678.0513258942
924.4777287028
423.1158279820
623.6300304251
417.1371328353
885.4499708718
719.1645742558
79.4149784846
678.7898059042
373.2748638714
96.5171685715
758.3570113541
469.8057121745
642.0564253297
507.9337420153
94.5138463194
346.1120892069
685.2952887547
427.3846621770
353.4609371785
3.7732457458
599.1533395763
585.3632137545
673.1053809471
923.4178562260
187.9987056591
464.5094636834
959.5585840924
918.4684626509
801.8660842284
438.6575610531
873.4825196463
515.5516630236
182.6490636883
204.8704980893
795.4647266887
761.6551679432
185.8751697329
827.4109673650
832.2586635061
446.9040446041
181.3143614479
346.9606101893
611.8691201679
896.3245579257
977.8550928175
930.5078626050
57.6086199223
-13.1325238648
411.1876685552
689.5964039450
71.1593317842
490.3269823921
258.3595444362
409.1164678561
963.7653687885
778.0148576658
343.6911184850
478.9272033130
375.4137463521
423.3241499960
925.1560399183
377.1911525628
99.7707362313
195.8245636201
684.5617925382
799.5569610668
117.7780988548
678.3519716862
929.2987914923
429.8584316698
787.1496886586
129.8237868735
189.7186941225
575.7415805892
243.6416345428
518.0461813615
42.3965176365
660.6734820955
47.5695804734
757.1461514001
246.5659187089
609.6759613800
155.2587514438
446.6003404505
498.1593919065
634.8950805498
330.1270071265
-8.0612300308
219.8017166985
595.6094830886
620.8784777844
749.9875188431
688.2439124728
428.9775849248
449.9586247962
302.9517025904
246.1158808738
506.7110924401
758.6705096218
603.1579105221
935.6790810280
74.8569417277
181.2509163851
793.9544950062
736.2101610853
837.5144749056
140.3823120312
987.9534928787
617.2100353468
680.1705903432
467.3419421870
264.8921231478
537.1744639011
696.5318069507
579.9054474303
15.3607418185
313.0176329868
374.8589091770
493.6519006262
862.5200020363
933.8911715918
129.1430417909
919.6784060894
-8.5934621823
815.3772360859
176.6418053154
547.5767517426
697.2620421098
62.8284032634
851.9404252176
818.5978690566
815.5711323039
439.2195783241
36.4303980806
667.6107164201
582.3350707912
175.4100826563
423.6200288070
464.7794651090
41.0060122488
241.5396881269
779.6635669809
12.7063959260
859.9576464885
195.4219179660
443.4865584255
774.6626699835
510.5288952886
374.6695772292
487.8644050415
431.5321940093
303.3670709990
203.3324500882
439.9794965937
428.2982705846
462.8184449102
881.6757988776
161.2617904699
655.6971799121
745.3249305332
786.4289203944
182.0208317628
293.9419330474
-2.7373172309
412.4825968433
869.5913280915
585.2851634023
400.1550835270
125.3283825021
598.4643999871
511.6052427065
42.5957216306
920.6931363848
846.8789448771
100.1709739957
201.2895389842
909.8746428518
289.3879803309
958.9044838389
797.8877457871
214.8968301334
256.9035687942
571.1830902085
136.4945675794
788.0104667915
241.0065562128
460.9256568052
517.8419571203
325.5723849742
780.4287026135
195.2322042944
892.7414359307
470.2766454008
766.3732580729
525.9302902780
212.2198832550
579.6979440038
393.3389986359
863.6001085287
716.1863602305
493.2878751415
419.7277669703
676.7652983965
451.0144219356
384.6803206132
94.7726966609
698.5476204064
-1.2441246506
520.9726810102
279.7922132133
833.5356267249
88.5951966012
113.3172655710
75.3032854534
839.6481034725
830.1019460493
141.8551620757
417.8906386234
79.1281524803
26.8751961091
454.6203588691
842.2188039246
728.4735110070
111.3457904013
728.2413948874
535.3566399860
430.5732777952
840.1606561692
631.3609292649
204.6476300589
491.9965779775
241.3445012512
534.0935987169
661.7103396592
300.0513467373
585.0327697509
760.3823062517
359.2545538541
520.1393877412
702.0760961025
631.7092393214
501.5856183437
59.9269429490
601.2207069401
4.2118799325
530.9625428436
-9.9029315452
584.5962125427
102.9445669100
974.9809801235
60.9017263550
423.8896894978
612.9965300910
862.0168398545
556.8641092584
241.8492446582
796.4792869060
450.4630280830
-5.3793909070
176.3392060866
-2.1173432564
651.9071373848
521.0869731460
840.2789414184
592.5133661414
559.8260106840
528.3929582175
713.2838771611
456.9560336282
643.8222407036
462.1155345582
161.5064650265
415.6186235537
884.3761117460
187.1419918954
337.2744041171
885.8864123840
607.9731699324
599.7907487836
654.5899842596
7.4206909776
75.8347143760
252.6002121789
362.4412720653
254.4886827829
656.5987101001
878.6452187038
204.6233281090
644.8854645309
512.8759911215
733.9863606698
97.8743133227
550.4933845247
343.8234596869
591.3226636717
246.1207573190
620.3943479693
994.2955774173
836.5671259371
750.2461396791
279.7723423138
337.1687750626
517.2751892440
322.2754850709
799.1088679068
334.6781672047
476.3798170617
631.3136908415
627.8914379984
46.0516512063
-9.0396017593
801.0053298499
818.1626870416
17.0553784544
713.3551019348
95.1698961107
791.0913973018
996.9543457670
56.2314674356
34.3131160042
609.8890390807
87.9455237834
270.8339382139
123.3637459923
279.1497549739
574.5720304701
24.2951452096
182.0331129557
831.8357279099
514.1054663988
875.8102242350
779.3437951068
432.4093601254
289.7502535360
860.9269615651
859.5202974375
596.1217519809
171.2001969640
614.2659984908
771.0862339930
91.9381353231
235.4442543654
853.9984010913
829.6109786878
444.0382106749
971.9799205726
260.4044995725
750.5275785711
420.6452596992
570.6104228870
446.9357934262
929.1984367996
839.3373615039
315.9051553477
956.6399267800
306.8963920618
70.3321204428
931.2538049002
982.1975009919
225.2759459338
423.0188553591
102.8595429030
959.1104873809
316.1910940612
298.4119616897
341.3290261706
65.3383136665
434.4560082218
716.9358457051
272.9069499757
936.9085509109
101.0449252743
450.0303531304
17.0815579691
335.5119811803
783.4811250070
361.1969811586
711.2607447705
483.9602803171
716.0946096705
807.2828575885
419.9259354424
18.4706748856
774.1260909452
846.9132177332
733.2353011139
48.1017647277
213.5613178887
672.4679750138
472.8528790368
-15.9666420757
351.4144632208
298.3170150459
486.0216352458
398.3961389291
964.3907280882
285.1119326041
668.6110988719
37.7129971048
94.8537610738
357.3343805361
785.5760506391
51.8700762025
568.7541845272
531.3623364581
937.8615893579
706.2159125617
163.2237875239
309.9402216328
888.3748322365
483.6650784282
160.1468972958
76.0953593053
817.7931382773
19.1574477054
784.8838841962
275.6372129210
231.6665546717
411.5143708613
165.2989103337
970.7592895843
704.6126530499
396.7017091423
903.5608378820
769.1035094426
968.4209403884
271.6452902381
911.0770312383
843.1325577599
286.1403300100
704.0795558328
641.6738010027
762.4914455124
165.8585818009
531.1538439719
217.2762460064
928.4897067330
191.3850134257
265.8690100371
864.2230938366
635.3942117401
549.2061692894
126.8610927684
166.5459763139
805.5163152009
312.2552289063
429.5026162094
5.1992930070
47.2627625391
27.8443701676
32.1949805769
677.4879805590
319.3591171586
644.4295942848
756.1328787583
821.7720187125
438.8491979908
128.9251983331
861.2058562488
906.4870866467
11.1021758043
351.9204794760
402.7532998842
895.9287308766
69.3966903593
935.9052959880
906.6204748249
445.2829600791
985.5530384353
822.8721526697
276.5576583535
309.7423898506
37.7580059702
274.4380027115
199.7801386177
703.3870398837
79.2008941928
12.0526050242
809.8457703146
499.6332859051
937.6734503905
607.7981969215
650.0392244373
489.0179248759
151.7012939469
562.2931304814
149.7040710771
176.7227446489
485.3084853692
137.1203420038
416.7427525159
509.9451981251
694.8413975713
650.7243979580
910.8359845546
124.2600067097
487.4855319315
944.4959420298
243.2168991282
532.2862259299
196.6625494748
216.7535043065
50.2849333507
616.5379168195
405.3072132972
175.9259703384
907.6937358749
862.8400084488
526.8099607209
89.6640986675
571.4110907597
12.7924872827
8.0808709802
57.5486841874
968.9048911863
358.4652500199
930.5364785605
788.2411299860
989.2561036014
413.6977057216
113.6995269844
233.0687853718
937.8198850062
809.9524529174
254.0648105079
369.5408650865
396.2558446653
917.5037985225
242.5630851167
685.5264557027
756.5131020003
146.6049908543
876.9260073397
272.4210615888
224.1613500914
852.5146146589
806.1155751978
321.4784044492
492.9486543042
916.2113040411
732.2337597468
963.1616307825
103.6260722742
401.1140146071
1.2189676476
235.3042137042
470.3691274045
278.8396079868
394.2608654850
647.3669500266
307.1796589067
425.7420559554
408.8204674955
616.0007048938
566.1897910714
855.5357453370
818.3762641853
432.6752995558
989.2545863924
336.5347875749
539.7824550283
425.7030397034
394.9646730355
594.0555154209
625.8001303027
108.5555644983
69.2998994198
3.6464293326
446.7327128578
767.0076539967
406.9124859205
923.9767508626
329.8600326488
158.9792233532
110.4925806696
-8.6855984067
702.5728252928
420.5941826089
157.5368052886
827.5192404258
536.9700338818
420.4596208446
299.0014198370
767.4173356302
225.1563585093
126.4737939980
152.3070980459
803.1256640738
522.3148557074
585.3160088463
720.4531528961
230.4214057072
418.9902506949
392.1161844191
650.3817488606
661.8606303485
345.8661762945
287.3393936567
232.9715973785
380.4773630006
903.5222327624
937.5035618093
218.6026546047
78.7437299034
830.2891852104
713.1823264185
810.1672618431
127.4827084805
617.4953085120
338.3762161876
601.6465409725
626.4431278143
433.1785555915
353.0495794210
714.5269216068
251.2235647568
520.8862605336
448.2546146537
923.0652693922
359.0255605270
26.7469422587
294.8385942060
410.2552519218
18.1686998590
209.5506508814
873.3293664114
694.4576556951
789.1489609945
563.1676474494
464.1145885748
93.0632027502
580.1929270312
678.0819000317
852.2957714048
273.9695214669
144.7948745415
164.9378770045
274.5875899995
643.5172044065
658.0773563426
467.9095618228
69.6397768826
836.4794808687
103.8422096943
294.2430804821
320.3757665811
94.3963608705
505.7775790184
740.6137745458
857.4875685121
564.3180463500
188.1707630917
558.9655354611
55.0771274268
216.4371414613
195.5133850404
14.6335939964
291.5015016069
105.0360725614
205.9991553081
548.0051535043
593.6364503065
48.8022116479
883.6972284904
50.7838036532
199.5305468177
70.2092496427
395.7225340038
507.0337842593
661.6529349039
455.4497421658
628.7687354499
5.9418250019
716.8070576042
507.7264911467
395.4879853821
692.7039072737
923.2806224535
813.6026204962
748.8591325303
891.9656511200
477.0293013214
107.8925912622
-15.3757556956
642.6213979547
768.4805980352
728.9734747269
56.3759535713
857.1136171768
119.0269312835
991.9635239708
128.5152408463
721.1421911049
801.5343170829
428.1329985995
851.2948753841
533.8362878334
546.1005391365
172.6780190961
450.4985092031
759.4350329854
440.2331005385
524.6141631492
549.6957647215
661.6157758697
936.6016283808
371.8923936605
469.1358860252
595.6827877091
851.8994180388
276.5563989621
58.2713630721
866.8567895124
111.0934433510
280.4381086220
251.5712678311
365.1323087048
980.5515946155
274.0522764468
481.7302829931
998.9700783801
349.5272980041
621.3888044174
329.5888620889
37.6693502744
999.8249843318
153.6659847529
924.0461761149
331.0631770011
693.8836874073
910.3715051187
-3.9235953026
32.4157709133
919.6361833078
784.4591721992
284.2952632870
921.0023499328
89.1695691967
816.6297417464
765.0669434175
377.1892780763
123.9234496192
367.9060643998
5.9907591304
20.2184316382
372.5469563797
544.1110292152
345.0036358051
56.6955430128
397.5303660894
528.6689073136
987.3287580346
182.2240883649
936.1800998621
587.0920582401
962.8708856302
460.6545196702
240.1477582284
-8.6435060681
523.2691659906
756.8056665333
787.2233952128
528.2008406932
677.5507522538
827.2968893972
546.0572622694
597.5236208625
897.7711304571
758.7073236022
15.2944735561
-1.2993114966
829.1423018473
442.3316669482
646.9976074285
379.9280798333
938.5632188182
681.7249616102
67.3825836462
182.0000294052
205.7390317233
396.8229666455
454.3034572782
239.3657370529
142.4462226497
545.7129012390
724.1636356630
300.1829066189
987.8327595386
808.3506125899
373.0429226745
785.2564873444
-0.5011884290
39.7359257939
283.7495326415
889.7726754867
466.8972180036
652.9025742081
444.8401407390
503.4888957942
822.2179539302
871.0358395923
673.8364122340
874.8928842975
620.7610070655
886.3286602747
605.6950815953
10.9494882747
745.8059647745
931.4603309969
0.3627937881
831.1578831999
574.1226550822
656.6200148626
128.6065723450
249.1296249774
207.7094843417
631.7750555856
102.2535474764
394.2468228071
157.1326731904
213.4050524952
63.2528648440
468.9992663681
954.0317814644
114.9468323659
638.5202825032
996.4019861314
547.8505072701
174.1760563235
64.5535089169
735.3575880391
568.2132071605
332.3302831098
312.7291878281
243.7796919677
365.0074327701
908.4954132178
452.6014944124
329.4295880174
941.2075864089
563.7538847236
234.0269313465
177.5334173209
243.1128745362
265.9748683731
479.9184991092
611.6793983285
235.3223005582
887.3975400455
82.2306538962
354.0121255588
608.2395443955
536.4066722590
372.9175763751
973.0627970505
850.6679224446
415.0670853758
416.8540893609
618.1908488732
949.3002927590
379.0747976518
611.9946169379
574.4193630652
48.7657436451
198.0503812305
826.6203566062
142.2769944046
443.6936216920
306.0664072027
113.9631815653
978.8058368494
571.1330409611
372.9373466365
271.1692862848
695.5584628621
595.8267382005
404.4184099917
104.0447918112
998.9155733972
42.7355376294
26.8673519119
757.0898908040
616.7389877698
319.4604134176
692.9512403495
420.9802040587
152.7197581020
352.8203197975
495.3291948541
389.4436217793
881.0114243966
793.6488545150
23.0732902067
775.7536655895
46.1976604600
583.6486503690
244.7163851985
67.4307852995
866.8159349153
161.6353488231
470.0960638479
726.4758333586
311.5254101026
920.8241673880
505.0115945713
988.3703834371
739.1146023671
562.6941508612
329.3071067727
243.7196541391
909.1060789673
797.9645857480
901.6286608730
75.8043741529
138.3193069089
542.4652375777
685.1821023519
100.0265172232
547.9354154037
659.9383392205
776.8451962155
498.6771457300
538.8358048358
595.8936397638
550.0302854361
212.7920688388
51.9474252677
205.8837207596
170.2974393213
730.6726327641
304.8822836767
264.4098948874
367.8262158742
436.4818879704
673.9916892890
848.0040242101
790.1532186978
786.9029165272
499.3768649242
898.0023689454
379.5932462030
227.9035293319
673.2846491297
66.8710629642
999.0387143116
50.3734377225
549.8156461856
328.9942838933
519.4077923692
90.7385575509
234.1863740648
307.0418799488
829.5029326402
800.5444214462
708.3946101211
996.7183764162
72.8215858196
967.1346361773
947.6100007293
824.5577402546
584.1518601635
861.3036240580
975.8983128950
597.8903465720
152.6080529312
405.5244959289
781.8002086162
652.0625859824
24.5850950287
800.9537216010
658.1468060487
332.6213505198
272.2504936137
589.1192968794
469.7799375840
117.9956755299
75.2431127320
938.5592756487
309.0968400047
362.4821247834
910.6054368343
800.9493493654
425.6528887654
272.6821716977
790.6588277432
638.6347885837
512.5802634488
